"x"
15.5
3.5
0.274302742245795
-0.0178755238674415
-0.109163815804519
-0.557690076404401
-0.460462635378301
-0.575560246148636
0.697477505882702
-0.0162128361521394
0.0741278709325255
-0.96375253077172
-0.952429559765945
-0.93640104156585
0.0794735599203562
0.00756520996888408
-0.00495340328183431
-0.594946699510964
-0.565414714340423
-0.735957689241115
-0.0324371599031218
-0.0742595723452297
0.0874446468695526
-0.691639902777431
-0.653302029911363
-0.616435294332593
-0.0960567959204382
-0.0426927819752453
-0.0548018825799509
-0.703632714557601
-0.763551835158898
-0.709559184010004
-0.49728966685894
-0.543908670845839
-0.49728966685894
-0.543908670845839
-0.607929591545179
-0.584175609709768
-0.565163077212988
-0.630394720315622
-0.736369300428253
-0.755015188509002
-0.575799983503946
-0.488732713013952
-0.62973875362598
-0.552201112392524
-0.481478729871355
-0.582361415029381
-0.23226609715376
0.0115288797872382
0.0437174260645842
-0.613928222283428
-0.588163069360073
-0.714358487490646
-0.612103283207987
-0.570730968650136
-0.756489426411787
-0.0691017912141093
-0.228102065671109
-0.137602308791712
-0.636739605053057
-0.676686800745998
-0.604391244378742
-0.711035658050846
-0.645433416234092
-0.657746585870822
-0.104551025495773
-0.167407475856434
-0.0571809440547551
-0.536516692548498
-0.620963293005196
0.0761281754555899
-0.575617493234432
-0.599160868317743
0.162545885494571
-0.667099099613148
-0.672322349574843
-0.0360322479939937
-0.756385271117363
-0.771517051737343
0.125922459004982